count	numberObstacles	obsSet	RRTstar-Time	RRTstar-CostEE	RRTstar-CostEB	RRTConnect-Time	RRTConnect-CostEE	RRTConnect-CostEB	PRMstar-Time	PRMstar-CostEE	PRMstar-CostEB	SBL-Time	SBL-CostEE	SBL-CostEB	EST-Time	EST-CostEE	EST-CostEB	LBKPIECE-Time	LBKPIECE-CostEE	LBKPIECE-CostEB	BKPIECE-Time	BKPIECE-CostEE	BKPIECE-CostEB	KPIECE-Time	KPIECE-CostEE	KPIECE-CostEB
1	11	11	10.0166	-1	-1	4.08536	-1	-1	0	-1	-1	0	-1	-1	0	-1	-1	3.47204	-1	-1	0	-1	-1	0	-1	-1	
2	9	8	0	-1	-1	7.55069	-1	-1	0	-1	-1	0	-1	-1	0	-1	-1	0	-1	-1	0	-1	-1	0	-1	-1	
3	8	5	0	-1	-1	0	-1	-1	0	-1	-1	0	-1	-1	0	-1	-1	0	-1	-1	9.84041	-1	-1	
4	8	6	0	-1	-1	0	-1	-1	0	-1	-1	0	-1	-1	0	-1	-1	2.6813	-1	-1	0	-1	-1	0	-1	-1	
5	8	5	0	-1	-1	0	-1	-1	0	-1	-1	0	-1	-1	0	-1	-1	7.4982	-1	-1	0	-1	-1	10.3243	3.04	1.86332	
6	10	4	0	-1	-1	0	-1	-1	10.0963	1.33162	0.959472	5.02037	-1	-1	0	-1	-1	4.28822	-1	-1	0	-1	-1	0	-1	-1	
7	7	3	10.0092	-1	-1	0	-1	-1	0	-1	-1	5.70979	-1	-1	3.07174	0.874491	0.622043	3.79198	-1	-1	4.10529	-1	-1	2.35823	-1	-1	
8	6	5	0	-1	-1	1.3617	3.97805	2.67924	0	-1	-1	0	-1	-1	1.78269	0.629935	0.461692	2.40043	-1	-1	1.61664	0.956624	0.646958	0	-1	-1	
9	6	4	10.0147	-1	-1	1.8656	-1	-1	10.0106	-1	-1	5.86431	-1	-1	0	-1	-1	2.89016	-1	-1	2.5366	-1	-1	
10	9	6	2.41457	1.08275	0.742977	10.0166	-1	-1	2.60176	-1	-1	10.0244	-1	-1	0	-1	-1	0	-1	-1	0	-1	-1	6.69111	-1	-1	0	4.15015e-322	3.95253e-322	
11	10	8	0	-1	-1	0	-1	-1	0	-1	-1	6.66576	0.870226	0.641227	6.21499	0.569041	0.476504	0	-1	-1	6.34606	0.666425	0.507833	0	-1	-1	
12	9	7	0	-1	-1	2.28227	-1	-1	0	-1	-1	0	-1	-1	0	-1	-1	5.05185	-1	-1	0	-1	-1	0	-1	-1	
13	10	6	0	-1	-1	2.84249	-1	-1	0	-1	-1	0	-1	-1	0	-1	-1	0	-1	-1	0	-1	-1	0	-1	-1	
14	9	9	0	-1	-1	1.39774	-1	-1	0	-1	-1	0	-1	-1	0	-1	-1	10.0201	-1	-1	0	-1	-1	0	-1	-1	
15	10	8	10.003	0.589804	0.478596	0	-1	-1	10.0092	0.663361	0.43315	6.41982	0.630049	0.496558	0	-1	-1	5.02517	3.00269	1.92185	0	-1	-1	
16	9	2	0.654888	-1	-1	0	-1	-1	2.95287	0.79602	0.559844	10.0044	0.79602	0.559844	2.19109	0.593586	0.457167	1.02517	0.702808	0.629222	2.34959	-1	-1	0	0.668667	0.535806	0.859043	4.15015e-322	3.95253e-322	
17	10	7	0	-1	-1	0	-1	-1	0	-1	-1	0	-1	-1	0	-1	-1	0	-1	-1	0	-1	-1	0	-1	-1	
18	9	7	0	-1	-1	2.025	-1	-1	0	-1	-1	0	-1	-1	0	-1	-1	5.70326	-1	-1	5.21934	-1	-1	0	-1	-1	
19	8	3	0	-1	-1	0	-1	-1	0	-1	-1	0	-1	-1	0	-1	-1	4.39032	-1	-1	0	-1	-1	0	-1	-1	
